66666 2311   91 0012 2311 0 3 DANAS                             20240322
2023082706 1 183 1447 1002      13
2023082712 1 184 1440 1002      13
2023082718 1 184 1433 1002      13
2023082800 1 185 1426 1000      15
2023082806 1 186 1415 1000      15
2023082812 2 187 1406  998      18
2023082818 2 188 1394  995      20
2023082900 2 190 1383  990      23
2023082906 2 191 1373  990      23
2023082912 2 193 1368  990      23
2023082918 2 196 1365  990      23
2023083000 2 201 1360  990      23
2023083006 3 205 1355  985      25
2023083012 3 209 1351  985      25
2023083018 3 210 1339  985      25
2023083100 3 211 1330  982      28
2023083106 3 212 1321  982      28
2023083112 3 217 1312  982      28
2023083118 3 220 1303  980      30
2023090100 4 221 1295  975      33
2023090106 4 222 1286  970      35
2023090112 4 220 1277  965      38
2023090118 4 218 1271  965      38
2023090200 4 221 1262  965      38
2023090206 5 225 1252  955      42
2023090209 5 226 1248  955      42
2023090212 5 227 1244  955      42
2023090215 5 226 1236  950      45
2023090218 5 225 1231  945      48
2023090221 5 225 1228  945      48
2023090300 5 226 1225  945      48
2023090303 5 228 1220  945      48
2023090306 5 229 1215  945      48
2023090309 5 229 1209  955      42
2023090312 4 227 1202  970      35
2023090315 4 226 1200  975      33
2023090318 4 226 1201  975      33
2023090321 3 229 1201  980      30
2023090400 3 232 1198  982      28
2023090403 3 232 1195  982      28
2023090406 3 233 1192  985      25
2023090409 3 234 1189  985      25
2023090412 2 235 1186  990      23
2023090415 2 236 1182  990      23
2023090418 2 236 1178  992      20
2023090421 2 236 1175  992      20
2023090500 1 236 1170  998      15
2023090503 1 235 1168 1000      15
2023090506 1 237 1167 1000      15
2023090509 1 238 1165 1000      15
2023090512 1 238 1162 1002      13
2023090515 1 236 1160 1004      13
2023090518 1 234 1157 1004      13
2023090521 1 233 1154 1004      13
2023090600 0 233 1151 1004      10
2023090603 0 232 1149 1004      10
2023090606 0 231 1148 1004      10
2023090609 0 230 1147 1004      10
2023090612 0 229 1146 1004      10
2023090615 0 228 1145 1004      10
2023090618 0 227 1142 1004      10
2023090621 0 227 1139 1004      10
2023090700 0 230 1138 1006      10
2023090703 0 232 1136 1006      10
2023090706 0 232 1134 1006      10
2023090709 0 232 1133 1006      10
2023090712 0 232 1132 1006      10
2023090715 0 231 1130 1006      10
2023090718 0 230 1127 1004      10
2023090721 0 229 1123 1004      10
2023090800 0 227 1119 1004      10
2023090803 0 226 1115 1004      10
2023090806 0 226 1111 1004      10
2023090809 0 224 1110 1004      10
2023090812 0 222 1108 1004      10
2023090815 0 219 1106 1004      10
2023090818 0 215 1103 1004      10
2023090821 0 212 1100 1004      10
2023090900 0 212 1098 1004      10
2023090903 0 214 1099 1004      10
2023090906 0 215 1100 1004      10
2023090909 0 215 1100 1004      10
2023090912 0 216 1100 1004      10
2023090915 0 216 1100 1004      10
2023090918 0 217 1100 1002      10
2023090921 0 219 1100 1002      10
2023091000 0 221 1100 1002      10
2023091003 0 224 1099 1002      10
2023091006 0 226 1097 1002      10
2023091009 0 225 1095 1002      10
2023091012 0 223 1094 1002      10
